{
  "experiment": "Exp038",
  "description": "SATe-style NJ + SW + Felsenstein pipeline benchmark",
  "cases": {
    "case_5taxa": {
      "n_taxa": 5,
      "seq_len": 200,
      "nj_newick": "((t0:0.013728,t4:0.117037):0.0010320903648809165,(t3:0.080130,(t1:0.032241,t2:0.030295):0.004638):0.0010320903648809165);",
      "distance_matrix": [
        -0.0,
        0.051744653615213576,
        0.051744653615213576,
        0.09587502863241366,
        0.13076504035858336,
        0.051744653615213576,
        -0.0,
        0.06253620670428826,
        0.118953772632479,
        0.15496068702224935,
        0.051744653615213576,
        0.06253620670428826,
        -0.0,
        0.11311716730093774,
        0.15496068702224935,
        0.09587502863241366,
        0.118953772632479,
        0.11311716730093774,
        -0.0,
        0.19927737429975423,
        0.13076504035858336,
        0.15496068702224935,
        0.15496068702224935,
        0.19927737429975423,
        -0.0
      ],
      "sw_pairwise_scores": [
        370,
        370,
        347,
        328,
        364,
        335,
        319,
        338,
        316,
        299
      ],
      "n_distances": 25
    },
    "case_8taxa": {
      "n_taxa": 8,
      "seq_len": 300,
      "nj_newick": "((t2:0.041529,t4:0.089236):0.0010062777937552394,((t1:0.035254,t3:0.060621):0.005081,((t5:0.119709,t7:0.204661):0.009305,(t0:0.009398,t6:0.153805):0.003733):0.002735):0.0010062777937552394);",
      "distance_matrix": [
        -0.0,
        0.055324612679706855,
        0.055324612679706855,
        0.08087452860241151,
        0.11118168235581899,
        0.14276529636841417,
        0.16320252820394582,
        0.2280844603859076,
        0.055324612679706855,
        -0.0,
        0.0845966206090083,
        0.09587502863241366,
        0.1268072475329505,
        0.17573763893425126,
        0.20582763427632023,
        0.255694940227945,
        0.055324612679706855,
        0.0845966206090083,
        -0.0,
        0.11118168235581899,
        0.13076504035858336,
        0.17153594727274885,
        0.2014544440432253,
        0.2651290268830899,
        0.08087452860241151,
        0.09587502863241366,
        0.11118168235581899,
        -0.0,
        0.1590702863457186,
        0.1971066057799809,
        0.2280844603859076,
        0.2746832962161623,
        0.11118168235581899,
        0.1268072475329505,
        0.13076504035858336,
        0.1590702863457186,
        -0.0,
        0.22357994234074877,
        0.2510220279149679,
        0.3091155721942207,
        0.14276529636841417,
        0.17573763893425126,
        0.17153594727274885,
        0.1971066057799809,
        0.22357994234074877,
        -0.0,
        0.28436084984309323,
        0.32437033537206283,
        0.16320252820394582,
        0.20582763427632023,
        0.2014544440432253,
        0.2280844603859076,
        0.2510220279149679,
        0.28436084984309323,
        -0.0,
        0.3720896072822215,
        0.2280844603859076,
        0.255694940227945,
        0.2651290268830899,
        0.2746832962161623,
        0.3091155721942207,
        0.32437033537206283,
        0.3720896072822215,
        -0.0
      ],
      "sw_pairwise_scores": [
        553,
        552,
        534,
        507,
        483,
        468,
        423,
        529,
        520,
        496,
        460,
        439,
        407,
        507,
        492,
        462,
        441,
        399,
        471,
        444,
        423,
        393,
        426,
        408,
        372,
        387,
        363,
        336
      ],
      "n_distances": 64
    },
    "case_12taxa": {
      "n_taxa": 12,
      "seq_len": 500,
      "nj_newick": "((t0:0.012632,(t10:0.204703,t6:0.130013):0.004591):0.00047845120159910716,((t2:0.041661,t9:0.177441):0.002511,((t4:0.075538,t7:0.151643):0.006798,((t1:0.033192,t11:0.250195):0.005084,(t3:0.078794,(t5:0.088671,t8:0.171726):0.001916):0.004980):0.000976):0.001447):0.00047845120159910716);",
      "distance_matrix": [
        -0.0,
        0.051744653615213576,
        0.21910231710087097,
        0.2746832962161623,
        0.05820093451766371,
        0.09815120640377922,
        0.10043431318970028,
        0.11195527706081576,
        0.15005870878741026,
        0.16986183943479327,
        0.2005828576580923,
        0.19278382724241835,
        0.051744653615213576,
        -0.0,
        0.2519542840946656,
        0.28338745580639324,
        0.08236114950540492,
        0.118953772632479,
        0.12130119238917467,
        0.1355421265726932,
        0.17996300222294326,
        0.20320066136291862,
        0.22718138983730432,
        0.21110934624537986,
        0.21910231710087097,
        0.2519542840946656,
        -0.0,
        0.4639937464269046,
        0.25757228789153375,
        0.2892468606089886,
        0.29812270384424067,
        0.3253984369723969,
        0.33471532697131473,
        0.3633812365864628,
        0.3965724933394936,
        0.389815690882719,
        0.2746832962161623,
        0.28338745580639324,
        0.4639937464269046,
        -0.0,
        0.29812270384424067,
        0.34099151422420204,
        0.32849122486029336,
        0.3473206657086006,
        0.389815690882719,
        0.4137357137146842,
        0.4277548134737989,
        0.46029003519646744,
        0.05820093451766371,
        0.08236114950540492,
        0.25757228789153375,
        0.29812270384424067,
        -0.0,
        0.12838785928762403,
        0.13314978004661804,
        0.14034983534338247,
        0.17996300222294326,
        0.2005828576580923,
        0.2326161962278796,
        0.21910231710087097,
        0.09815120640377922,
        0.118953772632479,
        0.2892468606089886,
        0.34099151422420204,
        0.12838785928762403,
        -0.0,
        0.1598949153457812,
        0.16986183943479327,
        0.22447868420983025,
        0.2519542840946656,
        0.2519542840946656,
        0.27180421398578813,
        0.10043431318970028,
        0.12130119238917467,
        0.29812270384424067,
        0.32849122486029336,
        0.13314978004661804,
        0.1598949153457812,
        -0.0,
        0.17489541537578335,
        0.22447868420983025,
        0.22718138983730432,
        0.26607899534448465,
        0.26607899534448465,
        0.11195527706081576,
        0.1355421265726932,
        0.3253984369723969,
        0.3473206657086006,
        0.14034983534338247,
        0.16986183943479327,
        0.17489541537578335,
        -0.0,
        0.22718138983730432,
        0.26039714998814145,
        0.26039714998814145,
        0.26607899534448465,
        0.15005870878741026,
        0.17996300222294326,
        0.33471532697131473,
        0.389815690882719,
        0.17996300222294326,
        0.22447868420983025,
        0.22447868420983025,
        0.22718138983730432,
        -0.0,
        0.2951524029321678,
        0.3011048151289702,
        0.3131532670068251,
        0.16986183943479327,
        0.20320066136291862,
        0.3633812365864628,
        0.4137357137146842,
        0.2005828576580923,
        0.2519542840946656,
        0.22718138983730432,
        0.26039714998814145,
        0.2951524029321678,
        -0.0,
        0.34099151422420204,
        0.33471532697131473,
        0.2005828576580923,
        0.22718138983730432,
        0.3965724933394936,
        0.4277548134737989,
        0.2326161962278796,
        0.2519542840946656,
        0.26607899534448465,
        0.26039714998814145,
        0.3011048151289702,
        0.34099151422420204,
        -0.0,
        0.3505053838696889,
        0.19278382724241835,
        0.21110934624537986,
        0.389815690882719,
        0.46029003519646744,
        0.21910231710087097,
        0.27180421398578813,
        0.26607899534448465,
        0.26607899534448465,
        0.3131532670068251,
        0.33471532697131473,
        0.3505053838696889,
        -0.0
      ],
      "sw_pairwise_scores": [
        925,
        718,
        663,
        917,
        862,
        859,
        844,
        799,
        772,
        736,
        745,
        682,
        651,
        884,
        835,
        832,
        814,
        760,
        733,
        709,
        724,
        501,
        677,
        646,
        637,
        613,
        598,
        571,
        553,
        559,
        634,
        594,
        609,
        587,
        555,
        533,
        522,
        501,
        824,
        818,
        810,
        761,
        738,
        701,
        716,
        787,
        773,
        712,
        685,
        685,
        658,
        766,
        709,
        712,
        664,
        667,
        706,
        673,
        670,
        664,
        646,
        628,
        616,
        601,
        601,
        589
      ],
      "n_distances": 144
    }
  },
  "sequences": {
    "case_5taxa": {
      "t0": "AAGCCCAATAAACCACTCTGACTGGCCGAATAGGGATATAGGCAACGACATGTGCGGCGACCCTTGCGACAGGGACGCTTTCGCCGTTGCCTCAACCTCTTTGAAGGAGTCTAGCAGCCGCAGTAAGGCACAATACCTCGTCCGTGTTACCAGACCAAACAAGACGTCCTCTTCAATGTTTAAATGACCCTCTCGTCATA",
      "t1": "AAGCCCAATAAACCACTCTGACTGGCCGAATAGGGATATAGGCAACGACATGTGCGGCGACCCTTGCGACAGTGACGCGTCCGCCGTTGCCTAAACCTATTTGAAGGAGTCTAGCAGCCGCAGTCAAGCACAATACCTCGTCCGTGTTACCAGACCAAACAGGACGTCCTCTTCAATGTTTAAATGGCCCTCTCATCATA",
      "t2": "AAGCCCAATAAACCACTCTGACTGGCCGAATATGAATATAGGCAAGGACATGTGCGGCGACCCTTGCGACAGTGACGCTTCCGCCGTTGCCTAAACCTATTTGAAGGACTCAAGCAGCCACAGTAAGGCACAATACCTCGTCCGTGTTACCAGACCAAACAAGACGTCCTCTTCAATGTTTAAATGACCCTCTCGTCATA",
      "t3": "AAGCCCATTAAACCACTCTGACTAGCCGAATAGGGATATAAGCAACGACATGCGCGGCGACGCTTGCGAGAGTGACGCTTTCGCCGTTGCCTAATCCTATTTGAAGGAGTGCAGCAGCCGCAGTAAGGCACAATACCTCGGCCGTGTTACCAGACCAAACCAGACGTCCTCTTCAATGCTTAAATGAGCCTCTCGCCATT",
      "t4": "AAGCCCCATAAACCACCTTGGCTGGCTGAACAGGGATATAGGCAACGACATGTGCGGCGACCCTTGAAACATTGACGCTCTCGCCGTTGCCTAAACCGATTTGACGGAGGCTAGCAGCCGCCGTAAGGCACAATGCATCGTCTGTGTTACCAGAGCAAACGAGACGTCCTGTTCTATGTTTAAATGACCCTCTCGTCATA"
    },
    "case_8taxa": {
      "t0": "AGATGAATGGACCGGCCATATAAGTAAACCAGTTGTAGGTCGATTTTGACATGCGGTATTGACAGAGCTAGTCTTCTTTAACTCAGGGTTAGAGAATATATAGGTAGTGACTACGCAATGCGTGCGACTTACTAGTTGTACGCGAGCGAGACCGTAACCACGCAGAGCCTTTAGTGTCCATGAAGTGTGGCTGCCTATTGCTGAGAGGATATGATGCTGTGCTGGACAATTCTATCGGCATGAGTCAGGCTGTAATCCAGCCGTTCGAATGCATTTAATTGCTCCCCACCATAATGAACT",
      "t1": "CGATGAATGGACCGGCCATATAAGTAAACCAGTTTTAGGTCGATTTTGACATGCGGTATTGACAGAGCTAGTCTCCTTTAGCACAGGGTTGAAGAATATATAGGTAGTGACTACGCAATGCGTGCGACTTACTAGTTGTACGCGAGCGAGCAGGTAACCACGCAGAGCCTTTAGCGTCCATGAAGTGTGGCTGCTTATTGCTGAGAGGATATGATGCTGTGCCGGACAATTCTATCGGTATGAGTCAGGCTGTAATCCAGCCGTTCGAATGGATTAAATTGCTCCCCACCATAATGAACT",
      "t2": "AGATAAATGGACCGGCAATATAAGTAAACTAGTTGTAGGTCGATTTGGACATGCGGTATTGACAGAGCTAGTCTCCTTTAACTCAGGGTTAAAGAATATATAGGTAGTGACTACGCAGTGCGAGCGACTTACTATTTGTACGCGAGCGAGCCGGTAACCACGCAGAGCATTTAGTGTCCATGAAGTGTGGCTGCCTATTGCTGAGAAGATATGATGCTGTGCTGGACAATTCTATCGGCATGAGTCAGGCTGTAATCCAGCCGTTCGATTGCCTTTAATTGCTCCCCACTATAATGAACT",
      "t3": "AGCTGAATGGACCGGCCATATACGTAAACCAGTTGTAGGTCAATTTTGACATGCGGTATTGACAGAGCTAGTCTCCTTTAACTCAGGGTTAAAGATTATATAGGTAGTGACTACGCAATGCGTGCGACCTCCTAGAGGTGCGCGAGCGAGCCGCTAACCACGCAGTGCCTTTAGTGTCCATGAAGTGTGGCTGCCTATTGCTGATAGGATATGATGCTGTTCTGTACAATTCTATCGGTATGAGTCCACCTGTAATCCAGCCGTTCGAATGGATTTAATTGCTCCCCACCATAATGAACT",
      "t4": "AGATAAAAGGACCGGCCACATAAGTAAACCAGTTGTAGGTCGATTGTGACATGCGCTATTGACAGAGCTAGTCTCCTCTAATACAGGGTTTAAGAATAAATAGGTAGTGCCTACGCAATGCCTGCGAATTACTAGTTGTACGCGAGCGAGCCGGTAACCACGCAGGGCCTTTAGTGTCCCTGAAGTGTGGCTGCCTATTGCTGAGAGGATATGACGCTCAGCTGAACAATTCTATCGGCGTGAGTCAGGCTGTTAGCCAGCCATTCGAATGTGTTTAACTACTCCCCACCATAATGAACT",
      "t5": "AGATGAATCGACCGGCCATATAAGTAAACCATTTGTAAGTCGAGTTTGACGTGGGGTATTGAGAGAGCTAGTCTCTTTTAAGTCAGGGTTAAAGAATATGTAGGTAGTGACTTCGCAATGCGTGCGACTTACTAGGTGTCCGTGAGGGAGCCGGTAATCACGTAGAGCCTTTTGTGTCCTTGCAGTGTAGCTGCCCATTGTTGAGAGGATATGATTCCGTGCTGGACAGTTCTATAGGCATTAGTCAGGCTGTAATACACCCATTCGACCGCATTTAATTGCTCCCTACCATAATTAACT",
      "t6": "AGAAGGATGGGCAGGCCGTAAAAGTAAACCAGTTGTAGGTGGATTTTGACCTGGGGTATTGACAGAGGTATTCTCCTTTAACTTAGGGTTAGACAATGTAAAGGTAATGACCACGCAATGCTTGCTACGTACTAGTTGTACGCGATCGACCCGGGAACCACGCAGGCCCTTTAGTGTCCATGAAGCGTTACTGACTATTGCTGAGAGGATATGATGCCGTGCTAGCCAATTCAATCGGCCTGAGTCAGGCTGGAATCCCGCCGTACCAATGCTTTTAATTGCTCCCCCCCATGATGAACT",
      "t7": "AAATGAATGCATCCGCCATATAAGTAAACCAGTTCGACCTCGATTTTGATATGCAGTATTCTCAGAGCTAATCTCTTTTAACTTAGGGCTAAAGAATTCGTAGGTAGTGAACACCCAATGCGTCCGATTTGCTAGTTATAAGCGAGCGAGCCGGTCACCACACAGTGACTTCTGTGTACATGAAGTATGGCTTCCCATGGCTCAGGGTAGGGGACGCTGTGCTCGACAATTCTATCGGCATGACTCAGTCTGTAATAATGCCGTTCGAATGAATTTATTTGCTCCCCACCACAATGACCT"
    },
    "case_12taxa": {
      "t0": "ATTCGACCGAGTCTAGACCCGCATGCTTAACACTGGACTATCCCAACAGCCTGTAATATAAGTGTATAATAAGAATGCTTCTAGAGTACTGCGATATTTGCGACTGGCAGTAGGGTAGTATTGTGCACATGTGCGCAGCGATCCGTCGGTCATACATGTAACTGACAAGTCTCACCAAATGGTTACCGTGTTATCAAGTACTAGAGTAGGAGGGTCTGATCGCCGCTATCATCAACACGGCAGTTGAGGTGGAATCGTAGTACGATCAAGTTCAGGTCGGCACGGAGCAAACCCCCTTCCGGAGATTGTACCATCTAATTATAGGCATGTCCACAAGGAATTGCTGGCACGACTCGTAGTTATACCACAAAACCAACACCGGAATGCATATATCAATTGTTGAAAAGGACTCATCGCGTCGGTCGCAACCTGTTATTAACTCAAAGACCGTGGAATTAGCAAGTACTTACTAGCTCCACTACGCAGATGGTAGAGTTCTC",
      "t1": "ATTCGACCGAGTCTAGACCCGCATGCTTAACACTGGATTATCTCAACAGCCTGTAATATAGGTGTCTAATAAGAATGCTTCTAGAGTACTGCGATATCTGCGACTGGCAGTAGGGTAGTATTGTGCACATGTGCGCAGCGATCCGTCGGTCATTCCTGTAACTGACAAGTCTCACCAAATGGTTAGCGTGTTCTCAAGTACTAGAGTAGGAGGGTCTGACCGCCGCTAGCATCAACACGGCAGTTTAGGTGGGATCGTAGTCCGATCAAGTTCAGGTCGTCACGGAGCAAACCCCCTTCCGGAGATTGTACCTTCTAATTATTGGCATGTCCACAACGAATTGCTGGCACGACTCGTAGTTATACCACAAAACCAACACCGAAATGCATATGTCAATTGTTGAAAAGGACTCATCGCGTCGGTCGCAACCTGTTATTAACTCAAAGACCATGGATTTAGCGATTACTTACTAGCTCCGCTACGCAGATGGTAGAGTTCTC",
      "t2": "ATTCGACCGAATCTAGACCCGCATGCTTACCACTGGACTATCCCAACAGCCTGTAATATAAGTGTATAATAAGAATGCTTCTAGAGTACTGCGATATTTGCGACTGGCAGTAGGGTAGTATTGTGCACATGTGCGCAGCGATCCGTCGGTCATTCATGTAACTGACAAGTCTCACCAAGTGGTTGCCGTGTTCTCAAGTACTAGATTAGGAGGGTCAGACCGCCGCTATCATCAAAACGGCAGTTGAGGTGGGATCCTAGTCCGATAATGTTCAGGTCGGCACGGAGCAAACCCCCTTCGGGGGATTGTACCTTCTAATTATAGGCATGTCCACAGGGAATTGCTGGCACGACTCGTAGTTATACTACAAAACCAACACCGGAATGCATATATTAATTGTTGAAAGGGACTCAACGCGTCGGTCGCAACCTGTTATTAACTCAAAGACCGTGGATTTAGCAAGAACTTACTAGCTCCACCACGCAGATGGTAGAGTCCTT",
      "t3": "ATTCGACCGAGTTTAGACCGGCATGCTAAAAAATGGACTAGCCCAACAGTCTTTAATATAAGTGTATAATCATAATGGTTATAGAGTACTGCCATATTTGCTAATCTCAGTCGGGTAGTATTGTGCACATGTGCGCAGCGATCCATCGGTCATTCATATATCTGGCAACTCTCACCAAATGGTTACCGTGTTCTCAAGTAGTAGAGTAGGAGGATCTGACCGACGCTATCATCAACATGGCAGTTGAGGTGGGATCGTAGTCCGATCAAGTTCAGGTCGGCACGGAGCAAGCCCACTTCCGGAGATTGTACCTTCTAATTATAGGCATGTCGACAAGGAATTGCTAGCACGACTCGTAGTTATACCACAAAACCAACCCCGGAATGCATATATCAATTGTTGAAAAGGACTCATCGCGTCGGTCGCAACCCGTTATTGACTCAAAGACCGTGGATTTAGCAATTACATGCTAGCTCCACGACGCAGATGGTAGAGCTCTC",
      "t4": "ATTCGACCGAGTCTAGACCCGCGTGCTTAACACTGTACTATCCCAACACCCTGTCATCTAAGGGTCTAATAAGAATGCTTTTAGAGCACTGCGATATTTTCGAATGGCAGAGGGGGAGTATTGCGAACATGTGCGCAGCGATCCGTCGGTCATTCATGTATCTGACTAGCCTCACCAAATGGTTACCATGTTCTCAATTACTAGAGTTGCAGGGTCTGACCGCCGCTATCATCAACACGGCAGTTGAGGTGGGATCGTAGTCCGATCAAGTTCAGGTCGGCACGGAGCAAACCCCCTTCCGGAGATTGTACCTGCTAATTCGAGGCATGTCAAAAAGGAATTGCTGGCACACCTCATAGTTATACCACAAAACCAACACCGGAATGCATATATCAATTGTTGAAAAGGACTCATCGCGTCGGTCGCACCCTGTTATTACTTCAAAGACCGTGGCTTTATCAAGTGCTTACTAGCTCCACTACGCAGACGGAGGAGTTCTC",
      "t5": "ATTCGGCCGAGTCTAGACTCGCATGCTTAACACTGGACTAGCCCACCACCCTGTAATATAAGTGTAAAATAAGAATGCTTGTAGAGTGCTGCGATATTTGCAACTGGCAGAATGGTAGTATTGTGCACAAGTGCGCAGCGATCCGTCGGGCATTCATGTAACTCACCAATCTCACTAAATGGTTACCGTGTTCGCAAGTAGTAGAGTAGGAGGGTCTGACCGCAGCTATCATCAATACGGCAGTTGAGGGGGGATCGATGTCCAATGAAGGTCAGGTCGGCACGCAGCAAACCCCCTTCCGGAGATAGTACCTTCTAATTATAGGCATATCCACAAGGAATTGCTGGCACGACTCGTAGTTATACCTCAAAACCAGCTCCGGAATGCATACCTCAATTGTAGAAAAGGACTCATCGCGTCGCTCGCATACTGTTGTTAACTCAAAGACCGTGGATTTAGCAAGTACTTACTACCTGCACTACGCAGTTGGTAGACTTCAC",
      "t6": "ATTCCTCCGAGTCTAGACCCGCATTCTTAACGCACGACTACCCCACCAGCTTGTAACATAAGTGTATAATAAGACTGCTTCTAGAGTAGTGCGATGTTGGCGACTGGCAGTAGGGAAGTATTGTGCGAATGTGCGCAACGATGCGACAGTCACTAACGTAACTGACCAGTCTCACCAATTAGATACCGTGTTCTCAAGTACTAGAGTAGAAGGATCGGACCGCCGCTATCATCAATACCGCCTTTGAGGTGGGAAGGTAGTCCGATCAAGTTAAGGTCGGCCCGGAGCGAACCCCCTTCCAGAGATTGTACGTTATAATTATAGGCATGGCCACCAGGAATCGCTCCCACGACTCGGACTTATACCACAAAACCAACACCGGAATGCATATATCAATTGTTGAAAAGGAGTCATCGCATCGGTCGCAACCTGTTATTAACTCAAGGACCGTGAGGTTAGCAAGTACTTACTCGCTCCACTGCGAAGGGGGTAGTGTTCTC",
      "t7": "ATTCCACCGGACCGAGACCCGCATCCTTAACACTGGACTATACCAACATCATGTAATCTAAGTGTATAATAACAAGGCTTCTAGATTACTGCGATATTTGCGAATGGCATTAGGGTAGTATTGTGCTCATGTGCGCAGCGGTGCGTCGGCCATTCATGTGACTGACACGCTTCAGCAAATTCTTACCGTGTTCTAAAGTACTAGAGTAGGAGGGCCTGACCGCGGCGATCATCAACACGACTGTTGAAGTGGGATAGTAATACGATCTCGTCCAGGTCGGCACGTAGCAAACCCCCTTCCGGGCATTGTCACGTCTAATTATAAGCACGTCCGCAAGTTAATACTGGCACGGCTCATAGTTATACCAAAAAACCAAAGCCGGAACGCATCTATCAATTGTTGAAAAGGACTCACCGCGTCGGTCGCAGCCTGTTATTAACTTAAAGACCCTGGACTTAACAACTTCTCACTAGCTCCACTACAAAGATTGAAGAGTTCAC",
      "t8": "ATTCGTTCGAGTCTGTTCTCGCATGCCTAATGCTGGACTCGCCTACTAGCCTGTAATACAAGTGCATAATCAGAAGGCTTGTACAATTCCGCGATATTTGCGAGGGGCAGTAGGGTAGTATCGTGTACATGTGCGCAACGATTCGTCCGTCATTCATTCAACGGAGACGTCTCACGAAATGGTTACCGTGTCCTAAAGGACTAGAGTAGGAGGGTCTGACCGACGATATCATCAAGGCGGTAGTTGAGGTGCGATCGTAGAGCGATCAAGATCGGGTCGGCACGGAGCAAAGCCCCTTCCGGAGATGGTACACCCTAATTATAGGCATGTCCACAAGGTACTGCTCACACGCCTCGTGGTGATACCAGAAAACCAACAACGGAATTCATATTACATTTGTTGAAAGGGATTCATCGCTTCGGTCGCACCTTGTTGTAAACTCAAACACCGTGGGTTTATCAATCACTTGCTAGCTCCAGTTCGCAGATGGTATAGTTCTC",
      "t9": "ATTCGCGCGAGTCTGCACCCACACGCTTAACACTGGTTTATCCCGAAGGCCTGTAATATAAGTATATCATCAGAATGTTTCTTGATTACAGCGCTATTTGCGACCAGCATTAGGGTCGCATTGTGCACAGGTGCAAAGCGATCGGTCTGTCATTCAAGTAACTGACAAGGCTCTCCAGATGCTTAGCGTGTTCACAAATACTAGAGAAGGAGGGTCTGACGGCCCCCATCATCAATACCGAAATTGACGTAGCATCGTAGTCCAATCTTGGTCAGGTGGGCACAGGGCCAACCCCCTTCCTGAGATTATACCTTCTAATTATAGGTATGTCCAGACGGAACTGCTGGCACGACTCGTAGTTGTACCTCAAAACCAACACGGTAAAGCATATATCAATGGTTGAAAAGGAATCATCTCGTCGGTCGCAACCTGTTTGTAACTTAAAGACAGTGGCTTTAGCAAGCGCTTACTAGCTCCACTACGCAGATGTTAGCGTTCTC",
      "t10": "ATTCGACCCATTCTAGGACCGCATGCTTAACACTGGACCTTCCCAACAGCCTGTAATATCTGTGTATAGGAAGAGTGCTTATAGTTTACTGGGATATGTACGGCTGGCCGTAGGGACGTGTTTTGCACCTGTGAGCGGTGCTACGGCGCTCAGACAGGTCACTGGCAAGCCTCACCAAATACTTACCGTGTACTCAAGTACTAGAGTAGGCTGATCTAACCGCCGCTATCAACAACACGGCAGGTGAGTTTGGATCCTAGTGCGATCGAGTTCATGTCAGCACGGAGCACACCCTCTACCACAGATTCGCCCTTCGAATTATAGACATGTCCACAAGGAAGTGCTATCACGCCTCGTAATTATACCAGAAAACCAACATCGGAATAGAGATATCAATCAACTAAAAGGATTCATCGCGTCGGTGCAAACCTGTTATTAACTCATTGACAGTGGATTTAGCACGTTCTTTCTACCTCCACTAAGCATATGGTAGAGTTCTC",
      "t11": "ATTCCACCGCGTCTAGAGCCCCATGTTGGATACTGGTCTCTCCCTGCCGCATGTACTATAGGTGAATAATAAGACTGATGCTACAGTTCTGCAACATTATCGACGGGCAGCATGGGAGTATTGTGCAACTGTGAGCAGCGATCCGTAGGTCACTCATGGAACTGACAAGTCTGACCAAATGGTTTCCGTGTTCTCAAGCTCTAGAGCAGGCGGGCCTGGCCGCCGGTTTCATCTACACGGCTGTTGAGGGGGGATCGTCGTCAGATCAAATTCAGGTCGGCAAGGATCAAACCACCTGCCAACGATTGTACATGCTAAAGTTAGGCACTTTGCCAATGCATTGCTGGCTGGACGCGTAGTGGTGCCATAACACGAACAGCAGAATGGATATGTCAACTGGTGAAAAGGACTCGACGCGTCGGTCGCAAGCAGTTTTTACGTGAAGGACCATGGATTCAACACGTACCTGCTAGCCCCTCTACGCTGATGCTGGAGTTCAT"
    }
  }
}